local MatsuneA1 = {};

MatsuneA1["1"] = Instance.new("ScreenGui", game:GetService("Players").LocalPlayer:WaitForChild("PlayerGui"));
MatsuneA1["1"]["ZIndexBehavior"] = Enum.ZIndexBehavior.Sibling;

MatsuneA1["2"] = Instance.new("Frame", MatsuneA1["1"]);
MatsuneA1["2"]["BorderSizePixel"] = 0;
MatsuneA1["2"]["BackgroundColor3"] = Color3.fromRGB(0, 0, 0);
MatsuneA1["2"]["Size"] = UDim2.new(0, 50, 0, 50);
MatsuneA1["2"]["Draggable"] = true
MatsuneA1["2"]["Position"] = UDim2.new(0.20, 0, -0.1, 0);
MatsuneA1["2"]["BorderColor3"] = Color3.fromRGB(0, 0, 0);


MatsuneA1["3"] = Instance.new("UICorner", MatsuneA1["2"]);
MatsuneA1["3"]["CornerRadius"] = UDim.new(1, 0);

MatsuneA1["4"] = Instance.new("TextButton", MatsuneA1["2"]);
MatsuneA1["4"]["TextWrapped"] = true;
MatsuneA1["4"]["BorderSizePixel"] = 0;
MatsuneA1["4"]["TextSize"] = 14;
MatsuneA1["4"]["TextColor3"] = Color3.fromRGB(255, 255, 255);
MatsuneA1["4"]["BackgroundColor3"] = Color3.fromRGB(255, 255, 255);
MatsuneA1["4"]["FontFace"] = Font.new([[rbxasset://fonts/families/SourceSansPro.json]], Enum.FontWeight.Bold, Enum.FontStyle.Normal);
MatsuneA1["4"]["Size"] = UDim2.new(0, 50, 0, 56);
MatsuneA1["4"]["BackgroundTransparency"] = 1;
MatsuneA1["4"]["BorderColor3"] = Color3.fromRGB(0, 0, 0);
MatsuneA1["4"]["Text"] = [[STOP TWEEN]];
MatsuneA1["4"]["Position"] = UDim2.new(0, 0, -0.07273, 0);
MatsuneA1["5"] = Instance.new("UIStroke", MatsuneA1["4"]);
MatsuneA1["5"]["Color"] = Color3.fromRGB(255, 0, 0);

MatsuneA1["6"] = Instance.new("UIStroke", MatsuneA1["2"]);
MatsuneA1["6"]["Color"] = Color3.fromRGB(169, 238, 8);

local function StopTween()
    if _G.StopTween then
        return
    end
    
    _G.StopTween = true
    wait()
    local player = game.Players.LocalPlayer
    local character = player.Character
    if character and character:IsDescendantOf(game.Workspace) then
        local humanoidRootPart = character:WaitForChild("HumanoidRootPart")
        if humanoidRootPart then
            humanoidRootPart.CFrame = humanoidRootPart.CFrame
        end
    end
    wait()    
    if character:FindFirstChild("BodyClip") then
        character.BodyClip:Destroy()
    end
    if character:FindFirstChild("PartTele") then
        character.PartTele:Destroy()
    end
    _G.StopTween = false
end

MatsuneA1["4"].MouseButton1Click:Connect(function()
    StopTween()
end)

_G.FastAttack = true

if _G.FastAttack then
    local _ENV = (getgenv or getrenv or getfenv)()

    local function SafeWaitForChild(parent, childName)
        local success, result = pcall(function()
            return parent:WaitForChild(childName)
        end)
        if not success or not result then
            warn("noooooo: " .. childName)
        end
        return result
    end

    local function WaitChilds(path, ...)
        local last = path
        for _, child in {...} do
            last = last:FindFirstChild(child) or SafeWaitForChild(last, child)
            if not last then break end
        end
        return last
    end

    local VirtualInputManager = game:GetService("VirtualInputManager")
    local CollectionService = game:GetService("CollectionService")
    local ReplicatedStorage = game:GetService("ReplicatedStorage")
    local TeleportService = game:GetService("TeleportService")
    local RunService = game:GetService("RunService")
    local Players = game:GetService("Players")
    local Player = Players.LocalPlayer

    if not Player then
        warn("Không tìm thấy người chơi cục bộ.")
        return
    end

    local Remotes = SafeWaitForChild(ReplicatedStorage, "Remotes")
    if not Remotes then return end

    local Validator = SafeWaitForChild(Remotes, "Validator")
    local CommF = SafeWaitForChild(Remotes, "CommF_")
    local CommE = SafeWaitForChild(Remotes, "CommE")

    local ChestModels = SafeWaitForChild(workspace, "ChestModels")
    local WorldOrigin = SafeWaitForChild(workspace, "_WorldOrigin")
    local Characters = SafeWaitForChild(workspace, "Characters")
    local Enemies = SafeWaitForChild(workspace, "Enemies")
    local Map = SafeWaitForChild(workspace, "Map")

    local EnemySpawns = SafeWaitForChild(WorldOrigin, "EnemySpawns")
    local Locations = SafeWaitForChild(WorldOrigin, "Locations")

    local RenderStepped = RunService.RenderStepped
    local Heartbeat = RunService.Heartbeat
    local Stepped = RunService.Stepped

    local Modules = SafeWaitForChild(ReplicatedStorage, "Modules")
    local Net = SafeWaitForChild(Modules, "Net")

    local sethiddenproperty = sethiddenproperty or function(...) return ... end
    local setupvalue = setupvalue or (debug and debug.setupvalue)
    local getupvalue = getupvalue or (debug and debug.getupvalue)

    local Settings = {
        AutoClick = true,
        ClickDelay = 0
    }

    local Module = {}

    Module.FastAttack = (function()
        if _ENV.rz_FastAttack then
            return _ENV.rz_FastAttack
        end

        local FastAttack = {
            Distance = 100,
            attackMobs = true,
            attackPlayers = true,
            Equipped = nil
        }

        local RegisterAttack = SafeWaitForChild(Net, "RE/RegisterAttack")
        local RegisterHit = SafeWaitForChild(Net, "RE/RegisterHit")

        local function IsAlive(character)
            return character and character:FindFirstChild("Humanoid") and character.Humanoid.Health > 0
        end

        local function ProcessEnemies(OthersEnemies, Folder)
            local BasePart = nil
            for _, Enemy in Folder:GetChildren() do
                local Head = Enemy:FindFirstChild("Head")
                if Head and IsAlive(Enemy) and Player:DistanceFromCharacter(Head.Position) < FastAttack.Distance then
                    if Enemy ~= Player.Character then
                        table.insert(OthersEnemies, { Enemy, Head })
                        BasePart = Head
                    end
                end
            end
            return BasePart
        end

        function FastAttack:Attack(BasePart, OthersEnemies)
            if not BasePart or #OthersEnemies == 0 then return end
            RegisterAttack:FireServer(Settings.ClickDelay or 0)
            RegisterHit:FireServer(BasePart, OthersEnemies)
        end

        function FastAttack:AttackNearest()
            local OthersEnemies = {}
            local Part1 = ProcessEnemies(OthersEnemies, Enemies)
            local Part2 = ProcessEnemies(OthersEnemies, Characters)

            local character = Player.Character
            if not character then return end
            local equippedWeapon = character:FindFirstChildOfClass("Tool")

            if equippedWeapon and equippedWeapon:FindFirstChild("LeftClickRemote") then
                for _, enemyData in ipairs(OthersEnemies) do
                    local enemy = enemyData[1]
                    local direction = (enemy.HumanoidRootPart.Position - character:GetPivot().Position).Unit
                    pcall(function()
                        equippedWeapon.LeftClickRemote:FireServer(direction, 1)
                    end)
                end
            elseif #OthersEnemies > 0 then
                self:Attack(Part1 or Part2, OthersEnemies)
            else
                task.wait(0)
            end
        end

        function FastAttack:BladeHits()
            local Equipped = IsAlive(Player.Character) and Player.Character:FindFirstChildOfClass("Tool")
            if Equipped and Equipped.ToolTip ~= "Gun" then
                self:AttackNearest()
            else
                task.wait(0)
            end
        end

        task.spawn(function()
            while task.wait(Settings.ClickDelay) do
                if Settings.AutoClick then
                    FastAttack:BladeHits()
                end
            end
        end)

        _ENV.rz_FastAttack = FastAttack
        return FastAttack
    end)()
end
   
local ReplicatedStorage = game:GetService("ReplicatedStorage")
local Players = game:GetService("Players")
local player = Players.LocalPlayer
local playerGui = player:WaitForChild("PlayerGui")
if not player.Team then
    if getgenv().Team == "Marines" then
        ReplicatedStorage.Remotes.CommF_:InvokeServer("SetTeam", "Marines")
    elseif getgenv().Team == "Pirates" then
        ReplicatedStorage.Remotes.CommF_:InvokeServer("SetTeam", "Pirates")
    end
    repeat
        task.wait(1)
        local chooseTeam = playerGui:FindFirstChild("ChooseTeam", true)
        local uiController = playerGui:FindFirstChild("UIController", true)
        if chooseTeam and chooseTeam.Visible and uiController then
            for _, v in pairs(getgc(true)) do
                if type(v) == "function" and getfenv(v).script == uiController then
                    local constant = getconstants(v)
                    pcall(function()
                        if (constant[1] == "Pirates" or constant[1] == "Marines") and #constant == 1 then
                            if constant[1] == getgenv().Team then
                                v(getgenv().Team)
                            end
                        end
                    end)
                end
            end
        end
    until player.Team
end   
   
hookfunction(require(game:GetService("ReplicatedStorage").Effect.Container.Death), function()end)
hookfunction(require(game:GetService("ReplicatedStorage").Effect.Container.Respawn), function()end)
if game.PlaceId == 2753915549 then
        World1 = true
    elseif game.PlaceId == 4442272183 then
        World2 = true
    elseif game.PlaceId == 7449423635 then
        World3 = true
    end

         function MaterialMon()
         if _G.SelectMaterial == "Radiactive Material" then
               MMon = "Factory Staff"
	            MPos = CFrame.new(-105.889565, 72.8076935, -670.247986, -0.965929747, 0, -0.258804798, 0, 1, 0, 0.258804798, 0, -0.965929747)
				SP = "Bar"
			elseif _G.SelectMaterial == "Leather + Scrap Metal" then
			if game.PlaceId == 2753915549 then
				MMon = "Pirate"
				MPos = CFrame.new(-967.433105, 13.5999937, 4034.24707, -0.258864403, 0, -0.965913713, 0, 1, 0, 0.965913713, 0, -0.258864403)
				SP = "Pirate"
				MMon = "Brute"
				MPos = CFrame.new(-1191.41235, 15.5999985, 4235.50928, 0.629286051, -0, -0.777173758, 0, 1, -0, 0.777173758, 0, 0.629286051)
				SP = "Pirate"
				elseif game.PlaceId == 4442272183 then
		    		MMon = "Mercenary"
					MPos = CFrame.new(-986.774475, 72.8755951, 1088.44653, -0.656062722, 0, 0.754706323, 0, 1, 0, -0.754706323, 0, -0.656062722)
					SP = "DressTown"
				elseif game.PlaceId == 7449423635 then
			    	MMon = "Pirate Millionaire"
		  			MPos = CFrame.new(-118.809372, 55.4874573, 5649.17041, -0.965929747, 0, 0.258804798, 0, 1, 0, -0.258804798, 0, -0.965929747)
					SP = "Default"
				end
			elseif _G.SelectMaterial == "Magma Ore" then
    			if game.PlaceId == 2753915549 then
					MMon = "Military Soldier"
					MPos = CFrame.new(-5565.60156, 9.10001755, 8327.56934, -0.838688731, 0, -0.544611216, 0, 1, 0, 0.544611216, 0, -0.838688731)
					SP = "Magma"				
					MMon = "Military Spy"
					MPos = CFrame.new(-5806.70068, 78.5000458, 8904.46973, 0.707134247, 0, 0.707079291, 0, 1, 0, -0.707079291, 0, 0.707134247)
					SP = "Magma"
				elseif game.PlaceId == 4442272183 then
    				MMon = "Lava Pirate"
					MPos = CFrame.new(-5158.77051, 14.4791956, -4654.2627, -0.848060489, 0, -0.529899538, 0, 1, 0, 0.529899538, 0, -0.848060489)
					SP = "CircleIslandFire"
				end
				elseif _G.SelectMaterial == "Fish Tail" then
				if game.PlaceId == 2753915549 then
					MMon = "Fishman Warrior"
					MPos = CFrame.new(60943.9023, 17.9492188, 1744.11133, 0.826706648, -0, -0.562633216, 0, 1, -0, 0.562633216, 0, 0.826706648)
					SP = "Underwater City"
					MMon = "Fishman Commando"
					MPos = CFrame.new(61760.8984, 18.0800781, 1460.11133, -0.632549644, 0, -0.774520278, 0, 1, 0, 0.774520278, 0, -0.632549644)
					SP = "Underwater City"
				elseif game.PlaceId == 7449423635 then
		    		MMon = "Fishman Captain"
	    			MPos = CFrame.new(-10828.1064, 331.825989, -9049.14648, -0.0912091732, 0, 0.995831788, 0, 1, 0, -0.995831788, 0, -0.0912091732)
			    	SP = "PineappleTown"
	     		end
				elseif _G.SelectMaterial == "Angel Wings" then
					MMon = "Royal Soldier"
					MPos = CFrame.new(-7759.45898, 5606.93652, -1862.70276, -0.866007447, 0, -0.500031412, 0, 1, 0, 0.500031412, 0, -0.866007447)
					SP = "SkyArea2"				
					elseif _G.SelectMaterial == "Mystic Droplet" then
	    			MMon = "Water Fighter"
	    			MPos = CFrame.new(-3331.70459, 239.138336, -10553.3564, -0.29242146, 0, 0.95628953, 0, 1, 0, -0.95628953, 0, -0.29242146)
				    SP = "ForgottenIsland"
				   elseif _G.SelectMaterial == "Vampire Fang" then
			    	MMon = "Vampire"
				    MPos = CFrame.new(-6132.39453, 9.00769424, -1466.16919, -0.927179813, 0, -0.374617696, 0, 1, 0, 0.374617696, 0, -0.927179813)
			    	SP = "Graveyard"
			   elseif _G.SelectMaterial == "Gunpowder" then
		    		MMon = "Pistol Billionaire"
		    		MPos = CFrame.new(-185.693283, 84.7088699, 6103.62744, 0.90629667, -0, -0.422642082, 0, 1, -0, 0.422642082, 0, 0.90629667)
		   		    SP = "Mansion"	
		       elseif _G.SelectMaterial == "Mini Tusk" then
			    	MMon = "Mythological Pirate"
			    	MPos = CFrame.new(-13456.0498, 469.433228, -7039.96436, 0, 0, 1, 0, 1, -0, -1, 0, 0)
			    	SP = "BigMansion"
		    	 elseif _G.SelectMaterial == "Conjured Cocoa" then
			    	MMon = "Chocolate Bar Battler"
				    MPos = CFrame.new(582.828674, 25.5824986, -12550.7041, -0.766061664, 0, -0.642767608, 0, 1, 0, 0.642767608, 0, -0.766061664)
				SP = "Chocolate"						
				end
			end     
     function CheckQuest() 
        MyLevel = game:GetService("Players").LocalPlayer.Data.Level.Value
        if World1 then
            if (MyLevel >= 1 and MyLevel <= 9) or SelectMonster == "Bandit" then
                Mon = "Bandit"
                LevelQuest = 1
                NameQuest = "BanditQuest1"
                NameMon = "Bandit"
                CFrameQuest = CFrame.new(1059.37195, 15.4495068, 1550.4231, 0.939700544, -0, -0.341998369, 0, 1, -0, 0.341998369, 0, 0.939700544)
                CFrameMon = CFrame.new(1045.962646484375, 27.00250816345215, 1560.8203125)              
            elseif (MyLevel >= 10 and MyLevel <= 14) or SelectMonster == "Monkey" then
                Mon = "Monkey"
                LevelQuest = 1
                NameQuest = "JungleQuest"
                NameMon = "Monkey"
                CFrameQuest = CFrame.new(-1598.08911, 35.5501175, 153.377838, 0, 0, 1, 0, 1, -0, -1, 0, 0)
                CFrameMon = CFrame.new(-1448.51806640625, 67.85301208496094, 11.46579647064209)                
            elseif (MyLevel >= 15 and MyLevel <= 29) or SelectMonster == "Gorilla" then
                Mon = "Gorilla"
                LevelQuest = 2
                NameQuest = "JungleQuest"
                NameMon = "Gorilla"
                CFrameQuest = CFrame.new(-1598.08911, 35.5501175, 153.377838, 0, 0, 1, 0, 1, -0, -1, 0, 0)
                CFrameMon = CFrame.new(-1129.8836669921875, 40.46354675292969, -525.4237060546875)
            elseif (MyLevel >= 30 and MyLevel <= 39) or SelectMonster == "Pirate" then
                Mon = "Pirate"
                LevelQuest = 1
                NameQuest = "BuggyQuest1"
                NameMon = "Pirate"
                CFrameQuest = CFrame.new(-1141.07483, 4.10001802, 3831.5498, 0.965929627, -0, -0.258804798, 0, 1, -0, 0.258804798, 0, 0.965929627)
                CFrameMon = CFrame.new(-1103.513427734375, 13.752052307128906, 3896.091064453125)                
            elseif (MyLevel >= 40 and MyLevel <= 59) or SelectMonster == "Brute" then
                Mon = "Brute"
                LevelQuest = 2
                NameQuest = "BuggyQuest1"
                NameMon = "Brute"
                CFrameQuest = CFrame.new(-1141.07483, 4.10001802, 3831.5498, 0.965929627, -0, -0.258804798, 0, 1, -0, 0.258804798, 0, 0.965929627)
                CFrameMon = CFrame.new(-1140.083740234375, 14.809885025024414, 4322.92138671875)
            elseif (MyLevel >= 60 and MyLevel <= 74) or SelectMonster == "Desert Bandit" then
                Mon = "Desert Bandit"
                LevelQuest = 1
                NameQuest = "DesertQuest"
                NameMon = "Desert Bandit"
                CFrameQuest = CFrame.new(894.488647, 5.14000702, 4392.43359, 0.819155693, -0, -0.573571265, 0, 1, -0, 0.573571265, 0, 0.819155693)
                CFrameMon = CFrame.new(924.7998046875, 6.44867467880249, 4481.5859375)            
            elseif (MyLevel >= 75 and MyLevel <= 89) or SelectMonster == "Desert Officer" then
                Mon = "Desert Officer"
                LevelQuest = 2
                NameQuest = "DesertQuest"
                NameMon = "Desert Officer"
                CFrameQuest = CFrame.new(894.488647, 5.14000702, 4392.43359, 0.819155693, -0, -0.573571265, 0, 1, -0, 0.573571265, 0, 0.819155693)
                CFrameMon = CFrame.new(1608.2822265625, 8.614224433898926, 4371.00732421875)               
            elseif (MyLevel >= 90 and MyLevel <= 99) or SelectMonster == "Snow Bandit" then
                Mon = "Snow Bandit"
                LevelQuest = 1
                NameQuest = "SnowQuest"
                NameMon = "Snow Bandit"
                CFrameQuest = CFrame.new(1389.74451, 88.1519318, -1298.90796, -0.342042685, 0, 0.939684391, 0, 1, 0, -0.939684391, 0, -0.342042685)
                CFrameMon = CFrame.new(1354.347900390625, 87.27277374267578, -1393.946533203125)
                
            elseif (MyLevel >= 100 and MyLevel <= 119) or SelectMonster == "Snowman" then
                Mon = "Snowman"
                LevelQuest = 2
                NameQuest = "SnowQuest"
                NameMon = "Snowman"
                CFrameQuest = CFrame.new(1389.74451, 88.1519318, -1298.90796, -0.342042685, 0, 0.939684391, 0, 1, 0, -0.939684391, 0, -0.342042685)
                CFrameMon = CFrame.new(1201.6412353515625, 144.57958984375, -1550.0670166015625)
            elseif (MyLevel >= 120 and MyLevel <= 149) or SelectMonster == "Chief Petty Officer" then
                Mon = "Chief Petty Officer"
                LevelQuest = 1
                NameQuest = "MarineQuest2"
                NameMon = "Chief Petty Officer"
                CFrameQuest = CFrame.new(-5039.58643, 27.3500385, 4324.68018, 0, 0, -1, 0, 1, 0, 1, 0, 0)
                CFrameMon = CFrame.new(-4881.23095703125, 22.65204429626465, 4273.75244140625)
            elseif (MyLevel >= 150 and MyLevel <= 174) or SelectMonster == "Sky Bandit" then
                Mon = "Sky Bandit"
                LevelQuest = 1
                NameQuest = "SkyQuest"
                NameMon = "Sky Bandit"
                CFrameQuest = CFrame.new(-4839.53027, 716.368591, -2619.44165, 0.866007268, 0, 0.500031412, 0, 1, 0, -0.500031412, 0, 0.866007268)
                CFrameMon = CFrame.new(-4953.20703125, 295.74420166015625, -2899.22900390625)
                
            elseif (MyLevel >= 175 and MyLevel <= 189) or SelectMonster == "Dark Master" then
                Mon = "Dark Master"
                LevelQuest = 2
                NameQuest = "SkyQuest"
                NameMon = "Dark Master"
                CFrameQuest = CFrame.new(-4839.53027, 716.368591, -2619.44165, 0.866007268, 0, 0.500031412, 0, 1, 0, -0.500031412, 0, 0.866007268)
                CFrameMon = CFrame.new(-5259.8447265625, 391.3976745605469, -2229.035400390625)
            elseif (MyLevel >= 190 and MyLevel <= 209) or SelectMonster == "Prisoner" then
                Mon = "Pris
